2015005	2015006	2015007	2015008	2015009	2015010	2015011
2015033	2015034	2015035	2015036	2015037	2015038	2015039
2015061	2015062	2015063	2015064	2015065	2015066	2015067
2015096	2015097	2015098	2015099	2015100	2015101	2015102
2015124	2015125	2015126	2015127	2015128	2015129	2015130
2015152	2015153	2015154	2015155	2015156	2015157	2015158
2015187	2015188	2015189	2015190	2015191	2015192	2015193
2015215	2015216	2015217	2015218	2015219	2015220	2015221
2015250	2015251	2015252	2015253	2015254	2015255	2015256
2015278	2015279	2015280	2015281	2015282	2015283	2015284
2015306	2015307	2015308	2015309	2015310	2015311	2015312
2015341	2015342	2015343	2015344	2015345	2015346	2015347
