2017002	2017003	2017004	2017005	2017006	2017007	2017008
2017037	2017038	2017039	2017040	2017041	2017042	2017043
2017065	2017066	2017067	2017068	2017069	2017070	2017071
2017093	2017094	2017095	2017096	2017097	2017098	2017099
2017121	2017122	2017123	2017124	2017125	2017126	2017127
2017156	2017157	2017158	2017159	2017160	2017161	2017162
2017184	2017185	2017186	2017187	2017188	2017189	2017190
2017219	2017220	2017221	2017222	2017223	2017224	2017225
2017247	2017248	2017249	2017250	2017251	2017252	2017253
2017275	2017276	2017277	2017278	2017279	2017280	2017281
2017310	2017311	2017312	2017313	2017314	2017315	2017316
2017338	2017339	2017340	2017341	2017342	2017343	2017344
